(kicad_pcb (version 20171130) (host pcbnew "(5.0.0-3-g5ebb6b6)")

  (general
    (thickness 1.6)
    (drawings 4)
    (tracks 78)
    (zones 0)
    (modules 219)
    (nets 164)
  )

  (page A4)
  (layers
    (0 F.Cu signal)
    (31 B.Cu signal)
    (32 B.Adhes user)
    (33 F.Adhes user)
    (34 B.Paste user)
    (35 F.Paste user)
    (36 B.SilkS user)
    (37 F.SilkS user)
    (38 B.Mask user)
    (39 F.Mask user)
    (40 Dwgs.User user hide)
    (41 Cmts.User user)
    (42 Eco1.User user)
    (43 Eco2.User user)
    (44 Edge.Cuts user)
    (45 Margin user)
    (46 B.CrtYd user hide)
    (47 F.CrtYd user)
    (48 B.Fab user hide)
    (49 F.Fab user hide)
  )

  (setup
    (last_trace_width 0.381)
    (trace_clearance 0.2032)
    (zone_clearance 0.508)
    (zone_45_only no)
    (trace_min 0.2032)
    (segment_width 0.2)
    (edge_width 0.15)
    (via_size 0.8)
    (via_drill 0.4)
    (via_min_size 0.4)
    (via_min_drill 0.3)
    (uvia_size 0.3)
    (uvia_drill 0.1)
    (uvias_allowed no)
    (uvia_min_size 0.2)
    (uvia_min_drill 0.1)
    (pcb_text_width 0.3)
    (pcb_text_size 1.5 1.5)
    (mod_edge_width 0.15)
    (mod_text_size 1 1)
    (mod_text_width 0.15)
    (pad_size 1.8 1.8)
    (pad_drill 0.9)
    (pad_to_mask_clearance 0.2)
    (aux_axis_origin 0 0)
    (visible_elements FFFFFF7F)
    (pcbplotparams
      (layerselection 0x010fc_ffffffff)
      (usegerberextensions false)
      (usegerberattributes false)
      (usegerberadvancedattributes false)
      (creategerberjobfile false)
      (excludeedgelayer true)
      (linewidth 0.100000)
      (plotframeref false)
      (viasonmask false)
      (mode 1)
      (useauxorigin false)
      (hpglpennumber 1)
      (hpglpenspeed 20)
      (hpglpendiameter 15.000000)
      (psnegative false)
      (psa4output false)
      (plotreference true)
      (plotvalue true)
      (plotinvisibletext false)
      (padsonsilk false)
      (subtractmaskfromsilk false)
      (outputformat 1)
      (mirror false)
      (drillshape 1)
      (scaleselection 1)
      (outputdirectory ""))
  )

  (net 0 "")
  (net 1 4051GND)
  (net 2 VEE)
  (net 3 "Net-(C3-Pad2)")
  (net 4 "Net-(C4-Pad2)")
  (net 5 +3V3_A)
  (net 6 "Net-(C6-Pad1)")
  (net 7 +3V3)
  (net 8 "Net-(C17-Pad1)")
  (net 9 "Net-(C19-Pad1)")
  (net 10 VCC)
  (net 11 "Net-(C23-Pad1)")
  (net 12 "Net-(C27-Pad2)")
  (net 13 ADC_CV_5)
  (net 14 ADC_CV_6)
  (net 15 "Net-(C28-Pad2)")
  (net 16 ADC_CV_4)
  (net 17 "Net-(C29-Pad2)")
  (net 18 "Net-(C31-Pad2)")
  (net 19 ADC_CV_3)
  (net 20 ADC_CV_2)
  (net 21 "Net-(C32-Pad2)")
  (net 22 ADC_CV_1)
  (net 23 "Net-(C35-Pad2)")
  (net 24 "Net-(C36-Pad1)")
  (net 25 "Net-(C37-Pad1)")
  (net 26 "Net-(C38-Pad1)")
  (net 27 "Net-(C39-Pad1)")
  (net 28 "Net-(C40-Pad1)")
  (net 29 AREF_-2.5)
  (net 30 "Net-(C42-Pad1)")
  (net 31 VREF_BIAS)
  (net 32 "Net-(C44-Pad1)")
  (net 33 "Net-(C44-Pad2)")
  (net 34 "Net-(C45-Pad2)")
  (net 35 "Net-(C45-Pad1)")
  (net 36 "Net-(C46-Pad2)")
  (net 37 "Net-(C46-Pad1)")
  (net 38 "Net-(C47-Pad2)")
  (net 39 "Net-(C47-Pad1)")
  (net 40 "Net-(C48-Pad1)")
  (net 41 "Net-(C48-Pad2)")
  (net 42 "Net-(C49-Pad1)")
  (net 43 "Net-(C49-Pad2)")
  (net 44 "Net-(D1-Pad2)")
  (net 45 "Net-(D2-Pad1)")
  (net 46 "Net-(D2-Pad2)")
  (net 47 "Net-(D3-Pad1)")
  (net 48 "Net-(D4-Pad1)")
  (net 49 "Net-(D5-Pad1)")
  (net 50 "Net-(D6-Pad1)")
  (net 51 "Net-(D7-Pad1)")
  (net 52 "Net-(D8-Pad1)")
  (net 53 LEDS_SIN)
  (net 54 LEDS_SCK)
  (net 55 LEDS_SS)
  (net 56 "Net-(IC1-Pad7)")
  (net 57 "Net-(IC1-Pad8)")
  (net 58 "Net-(IC1-Pad9)")
  (net 59 "Net-(IC1-Pad10)")
  (net 60 "Net-(IC1-Pad11)")
  (net 61 "Net-(IC1-Pad12)")
  (net 62 "Net-(IC1-Pad13)")
  (net 63 "Net-(IC1-Pad14)")
  (net 64 "Net-(IC1-Pad15)")
  (net 65 "Net-(IC1-Pad16)")
  (net 66 "Net-(IC1-Pad17)")
  (net 67 "Net-(IC1-Pad18)")
  (net 68 "Net-(IC1-Pad23)")
  (net 69 "Net-(IC3-Pad1)")
  (net 70 "Net-(IC3-Pad2)")
  (net 71 ADC_SHAPE)
  (net 72 "Net-(IC3-Pad4)")
  (net 73 "Net-(IC3-Pad5)")
  (net 74 POTS_ADDR_A)
  (net 75 POTS_ADDR_B)
  (net 76 POTS_ADDR_C)
  (net 77 "Net-(IC3-Pad14)")
  (net 78 "Net-(IC3-Pad15)")
  (net 79 DAC_SCK)
  (net 80 DAC_MOSI)
  (net 81 DAC_2)
  (net 82 DAC_1)
  (net 83 AREF_2.5)
  (net 84 DAC_3)
  (net 85 DAC_6)
  (net 86 DAC_4)
  (net 87 DAC_5)
  (net 88 DAC_SS)
  (net 89 STAGE_LED_2)
  (net 90 STAGE_LED_3)
  (net 91 STAGE_LED_4)
  (net 92 "Net-(IC5-Pad5)")
  (net 93 "Net-(IC5-Pad6)")
  (net 94 RESET)
  (net 95 SW_MODE_1)
  (net 96 SW_MODE_2)
  (net 97 SW_MODE_3)
  (net 98 SW_MODE_4)
  (net 99 SW_MODE_5)
  (net 100 SW_MODE_6)
  (net 101 STAGE_LED_5)
  (net 102 ADC_TIME_LEVEL)
  (net 103 RIGHT_TX)
  (net 104 RIGHT_RX)
  (net 105 STAGE_LED_6)
  (net 106 GATE_6)
  (net 107 GATE_5)
  (net 108 NORMALIZATION_PROBE)
  (net 109 GATE_4)
  (net 110 GATE_3)
  (net 111 GATE_2)
  (net 112 GATE_1)
  (net 113 STAGE_LED_1)
  (net 114 SWDIO)
  (net 115 SWCLK)
  (net 116 LEFT_TX)
  (net 117 LEFT_RX)
  (net 118 "Net-(IC6-Pad15)")
  (net 119 "Net-(IC6-Pad14)")
  (net 120 "Net-(IC6-Pad13)")
  (net 121 "Net-(IC6-Pad12)")
  (net 122 "Net-(IC6-Pad2)")
  (net 123 "Net-(IC6-Pad1)")
  (net 124 "Net-(IC12-Pad10)")
  (net 125 "Net-(IC12-Pad8)")
  (net 126 "Net-(IC12-Pad7)")
  (net 127 "Net-(IC12-Pad6)")
  (net 128 "Net-(IC13-Pad6)")
  (net 129 "Net-(IC13-Pad7)")
  (net 130 "Net-(IC13-Pad8)")
  (net 131 "Net-(IC13-Pad10)")
  (net 132 "Net-(IC14-Pad6)")
  (net 133 "Net-(IC14-Pad7)")
  (net 134 "Net-(IC14-Pad8)")
  (net 135 "Net-(IC14-Pad10)")
  (net 136 "Net-(J1-PadP$1)")
  (net 137 "Net-(J2-PadP$1)")
  (net 138 "Net-(J3-PadP$1)")
  (net 139 "Net-(J4-PadP$1)")
  (net 140 "Net-(J5-PadP$1)")
  (net 141 "Net-(J6-PadP$1)")
  (net 142 "Net-(J7-PadP$1)")
  (net 143 "Net-(J7-PadP$2)")
  (net 144 "Net-(J8-PadP$1)")
  (net 145 "Net-(J8-PadP$2)")
  (net 146 "Net-(J9-PadP$2)")
  (net 147 "Net-(J9-PadP$1)")
  (net 148 "Net-(J10-PadP$1)")
  (net 149 "Net-(J10-PadP$2)")
  (net 150 "Net-(J11-PadP$2)")
  (net 151 "Net-(J11-PadP$1)")
  (net 152 "Net-(J12-PadP$2)")
  (net 153 "Net-(J12-PadP$1)")
  (net 154 "Net-(JP3-Pad3)")
  (net 155 "Net-(JP3-Pad2)")
  (net 156 "Net-(JP4-Pad2)")
  (net 157 "Net-(JP4-Pad3)")
  (net 158 "Net-(R1-Pad1)")
  (net 159 "Net-(R2-Pad1)")
  (net 160 "Net-(R3-Pad1)")
  (net 161 "Net-(R4-Pad1)")
  (net 162 "Net-(R17-Pad1)")
  (net 163 "Net-(R18-Pad1)")

  (net_class Default "This is the default net class."
    (clearance 0.2032)
    (trace_width 0.381)
    (via_dia 0.8)
    (via_drill 0.4)
    (uvia_dia 0.3)
    (uvia_drill 0.1)
    (diff_pair_gap 0.25)
    (diff_pair_width 0.2032)
    (add_net ADC_CV_1)
    (add_net ADC_CV_2)
    (add_net ADC_CV_3)
    (add_net ADC_CV_4)
    (add_net ADC_CV_5)
    (add_net ADC_CV_6)
    (add_net ADC_SHAPE)
    (add_net ADC_TIME_LEVEL)
    (add_net DAC_1)
    (add_net DAC_2)
    (add_net DAC_3)
    (add_net DAC_4)
    (add_net DAC_5)
    (add_net DAC_6)
    (add_net DAC_MOSI)
    (add_net DAC_SCK)
    (add_net DAC_SS)
    (add_net GATE_1)
    (add_net GATE_2)
    (add_net GATE_3)
    (add_net GATE_4)
    (add_net GATE_5)
    (add_net GATE_6)
    (add_net LEDS_SCK)
    (add_net LEDS_SIN)
    (add_net LEDS_SS)
    (add_net LEFT_RX)
    (add_net LEFT_TX)
    (add_net NORMALIZATION_PROBE)
    (add_net "Net-(C17-Pad1)")
    (add_net "Net-(C19-Pad1)")
    (add_net "Net-(C23-Pad1)")
    (add_net "Net-(C27-Pad2)")
    (add_net "Net-(C28-Pad2)")
    (add_net "Net-(C29-Pad2)")
    (add_net "Net-(C3-Pad2)")
    (add_net "Net-(C31-Pad2)")
    (add_net "Net-(C32-Pad2)")
    (add_net "Net-(C35-Pad2)")
    (add_net "Net-(C36-Pad1)")
    (add_net "Net-(C37-Pad1)")
    (add_net "Net-(C38-Pad1)")
    (add_net "Net-(C39-Pad1)")
    (add_net "Net-(C4-Pad2)")
    (add_net "Net-(C40-Pad1)")
    (add_net "Net-(C42-Pad1)")
    (add_net "Net-(C44-Pad1)")
    (add_net "Net-(C44-Pad2)")
    (add_net "Net-(C45-Pad1)")
    (add_net "Net-(C45-Pad2)")
    (add_net "Net-(C46-Pad1)")
    (add_net "Net-(C46-Pad2)")
    (add_net "Net-(C47-Pad1)")
    (add_net "Net-(C47-Pad2)")
    (add_net "Net-(C48-Pad1)")
    (add_net "Net-(C48-Pad2)")
    (add_net "Net-(C49-Pad1)")
    (add_net "Net-(C49-Pad2)")
    (add_net "Net-(C6-Pad1)")
    (add_net "Net-(D1-Pad2)")
    (add_net "Net-(D2-Pad1)")
    (add_net "Net-(D2-Pad2)")
    (add_net "Net-(D3-Pad1)")
    (add_net "Net-(D4-Pad1)")
    (add_net "Net-(D5-Pad1)")
    (add_net "Net-(D6-Pad1)")
    (add_net "Net-(D7-Pad1)")
    (add_net "Net-(D8-Pad1)")
    (add_net "Net-(IC1-Pad10)")
    (add_net "Net-(IC1-Pad11)")
    (add_net "Net-(IC1-Pad12)")
    (add_net "Net-(IC1-Pad13)")
    (add_net "Net-(IC1-Pad14)")
    (add_net "Net-(IC1-Pad15)")
    (add_net "Net-(IC1-Pad16)")
    (add_net "Net-(IC1-Pad17)")
    (add_net "Net-(IC1-Pad18)")
    (add_net "Net-(IC1-Pad23)")
    (add_net "Net-(IC1-Pad7)")
    (add_net "Net-(IC1-Pad8)")
    (add_net "Net-(IC1-Pad9)")
    (add_net "Net-(IC12-Pad10)")
    (add_net "Net-(IC12-Pad6)")
    (add_net "Net-(IC12-Pad7)")
    (add_net "Net-(IC12-Pad8)")
    (add_net "Net-(IC13-Pad10)")
    (add_net "Net-(IC13-Pad6)")
    (add_net "Net-(IC13-Pad7)")
    (add_net "Net-(IC13-Pad8)")
    (add_net "Net-(IC14-Pad10)")
    (add_net "Net-(IC14-Pad6)")
    (add_net "Net-(IC14-Pad7)")
    (add_net "Net-(IC14-Pad8)")
    (add_net "Net-(IC3-Pad1)")
    (add_net "Net-(IC3-Pad14)")
    (add_net "Net-(IC3-Pad15)")
    (add_net "Net-(IC3-Pad2)")
    (add_net "Net-(IC3-Pad4)")
    (add_net "Net-(IC3-Pad5)")
    (add_net "Net-(IC5-Pad5)")
    (add_net "Net-(IC5-Pad6)")
    (add_net "Net-(IC6-Pad1)")
    (add_net "Net-(IC6-Pad12)")
    (add_net "Net-(IC6-Pad13)")
    (add_net "Net-(IC6-Pad14)")
    (add_net "Net-(IC6-Pad15)")
    (add_net "Net-(IC6-Pad2)")
    (add_net "Net-(J1-PadP$1)")
    (add_net "Net-(J10-PadP$1)")
    (add_net "Net-(J10-PadP$2)")
    (add_net "Net-(J11-PadP$1)")
    (add_net "Net-(J11-PadP$2)")
    (add_net "Net-(J12-PadP$1)")
    (add_net "Net-(J12-PadP$2)")
    (add_net "Net-(J2-PadP$1)")
    (add_net "Net-(J3-PadP$1)")
    (add_net "Net-(J4-PadP$1)")
    (add_net "Net-(J5-PadP$1)")
    (add_net "Net-(J6-PadP$1)")
    (add_net "Net-(J7-PadP$1)")
    (add_net "Net-(J7-PadP$2)")
    (add_net "Net-(J8-PadP$1)")
    (add_net "Net-(J8-PadP$2)")
    (add_net "Net-(J9-PadP$1)")
    (add_net "Net-(J9-PadP$2)")
    (add_net "Net-(JP3-Pad2)")
    (add_net "Net-(JP3-Pad3)")
    (add_net "Net-(JP4-Pad2)")
    (add_net "Net-(JP4-Pad3)")
    (add_net "Net-(R1-Pad1)")
    (add_net "Net-(R17-Pad1)")
    (add_net "Net-(R18-Pad1)")
    (add_net "Net-(R2-Pad1)")
    (add_net "Net-(R3-Pad1)")
    (add_net "Net-(R4-Pad1)")
    (add_net POTS_ADDR_A)
    (add_net POTS_ADDR_B)
    (add_net POTS_ADDR_C)
    (add_net RESET)
    (add_net RIGHT_RX)
    (add_net RIGHT_TX)
    (add_net STAGE_LED_1)
    (add_net STAGE_LED_2)
    (add_net STAGE_LED_3)
    (add_net STAGE_LED_4)
    (add_net STAGE_LED_5)
    (add_net STAGE_LED_6)
    (add_net SWCLK)
    (add_net SWDIO)
    (add_net SW_MODE_1)
    (add_net SW_MODE_2)
    (add_net SW_MODE_3)
    (add_net SW_MODE_4)
    (add_net SW_MODE_5)
    (add_net SW_MODE_6)
    (add_net VREF_BIAS)
  )

  (net_class Power ""
    (clearance 0.2032)
    (trace_width 0.762)
    (via_dia 0.8)
    (via_drill 0.4)
    (uvia_dia 0.3)
    (uvia_drill 0.1)
    (diff_pair_gap 0.25)
    (diff_pair_width 0.2032)
    (add_net +3V3)
    (add_net +3V3_A)
    (add_net 4051GND)
    (add_net AREF_-2.5)
    (add_net AREF_2.5)
    (add_net VCC)
    (add_net VEE)
  )

  (module Capacitor_SMD:C_1206_3216Metric_Pad1.42x1.75mm_HandSolder (layer F.Cu) (tedit 5B301BBE) (tstamp 5C186152)
    (at 156.21 80.264 90)
    (descr "Capacitor SMD 1206 (3216 Metric), square (rectangular) end terminal, IPC_7351 nominal with elongated pad for handsoldering. (Body size source: http://www.tortai-tech.com/upload/download/2011102023233369053.pdf), generated with kicad-footprint-generator")
    (tags "capacitor handsolder")
    (path /5BFAD56D/5BFC01AC)
    (attr smd)
    (fp_text reference C1 (at 0 -1.82 90) (layer F.SilkS)
      (effects (font (size 1 1) (thickness 0.15)))
    )
    (fp_text value 22u (at 0 1.82 90) (layer F.Fab)
      (effects (font (size 1 1) (thickness 0.15)))
    )
    (fp_line (start -1.6 0.8) (end -1.6 -0.8) (layer F.Fab) (width 0.1))
    (fp_line (start -1.6 -0.8) (end 1.6 -0.8) (layer F.Fab) (width 0.1))
    (fp_line (start 1.6 -0.8) (end 1.6 0.8) (layer F.Fab) (width 0.1))
    (fp_line (start 1.6 0.8) (end -1.6 0.8) (layer F.Fab) (width 0.1))
    (fp_line (start -0.602064 -0.91) (end 0.602064 -0.91) (layer F.SilkS) (width 0.12))
    (fp_line (start -0.602064 0.91) (end 0.602064 0.91) (layer F.SilkS) (width 0.12))
    (fp_line (start -2.45 1.12) (end -2.45 -1.12) (layer F.CrtYd) (width 0.05))
    (fp_line (start -2.45 -1.12) (end 2.45 -1.12) (layer F.CrtYd) (width 0.05))
    (fp_line (start 2.45 -1.12) (end 2.45 1.12) (layer F.CrtYd) (width 0.05))
    (fp_line (start 2.45 1.12) (end -2.45 1.12) (layer F.CrtYd) (width 0.05))
    (fp_text user %R (at 0 0 90) (layer F.Fab)
      (effects (font (size 0.8 0.8) (thickness 0.12)))
    )
    (pad 1 smd roundrect (at -1.4875 0 90) (size 1.425 1.75) (layers F.Cu F.Paste F.Mask) (roundrect_rratio 0.175439)
      (net 1 4051GND))
    (pad 2 smd roundrect (at 1.4875 0 90) (size 1.425 1.75) (layers F.Cu F.Paste F.Mask) (roundrect_rratio 0.175439)
      (net 2 VEE))
    (model ${KISYS3DMOD}/Capacitor_SMD.3dshapes/C_1206_3216Metric.wrl
      (at (xyz 0 0 0))
      (scale (xyz 1 1 1))
      (rotate (xyz 0 0 0))
    )
  )

  (module Capacitor_SMD:C_1206_3216Metric_Pad1.42x1.75mm_HandSolder (layer F.Cu) (tedit 5B301BBE) (tstamp 5C186163)
    (at 152.908 80.264 90)
    (descr "Capacitor SMD 1206 (3216 Metric), square (rectangular) end terminal, IPC_7351 nominal with elongated pad for handsoldering. (Body size source: http://www.tortai-tech.com/upload/download/2011102023233369053.pdf), generated with kicad-footprint-generator")
    (tags "capacitor handsolder")
    (path /5BFAD56D/5BFC037A)
    (attr smd)
    (fp_text reference C2 (at 0 -1.82 90) (layer F.SilkS)
      (effects (font (size 1 1) (thickness 0.15)))
    )
    (fp_text value 22u (at 0 1.82 90) (layer F.Fab)
      (effects (font (size 1 1) (thickness 0.15)))
    )
    (fp_line (start -1.6 0.8) (end -1.6 -0.8) (layer F.Fab) (width 0.1))
    (fp_line (start -1.6 -0.8) (end 1.6 -0.8) (layer F.Fab) (width 0.1))
    (fp_line (start 1.6 -0.8) (end 1.6 0.8) (layer F.Fab) (width 0.1))
    (fp_line (start 1.6 0.8) (end -1.6 0.8) (layer F.Fab) (width 0.1))
    (fp_line (start -0.602064 -0.91) (end 0.602064 -0.91) (layer F.SilkS) (width 0.12))
    (fp_line (start -0.602064 0.91) (end 0.602064 0.91) (layer F.SilkS) (width 0.12))
    (fp_line (start -2.45 1.12) (end -2.45 -1.12) (layer F.CrtYd) (width 0.05))
    (fp_line (start -2.45 -1.12) (end 2.45 -1.12) (layer F.CrtYd) (width 0.05))
    (fp_line (start 2.45 -1.12) (end 2.45 1.12) (layer F.CrtYd) (width 0.05))
    (fp_line (start 2.45 1.12) (end -2.45 1.12) (layer F.CrtYd) (width 0.05))
    (fp_text user %R (at 0 0 90) (layer F.Fab)
      (effects (font (size 0.8 0.8) (thickness 0.12)))
    )
    (pad 1 smd roundrect (at -1.4875 0 90) (size 1.425 1.75) (layers F.Cu F.Paste F.Mask) (roundrect_rratio 0.175439)
      (net 1 4051GND))
    (pad 2 smd roundrect (at 1.4875 0 90) (size 1.425 1.75) (layers F.Cu F.Paste F.Mask) (roundrect_rratio 0.175439)
      (net 2 VEE))
    (model ${KISYS3DMOD}/Capacitor_SMD.3dshapes/C_1206_3216Metric.wrl
      (at (xyz 0 0 0))
      (scale (xyz 1 1 1))
      (rotate (xyz 0 0 0))
    )
  )

  (module Capacitor_SMD:C_0603_1608Metric_Pad1.05x0.95mm_HandSolder (layer F.Cu) (tedit 5B301BBE) (tstamp 5C186174)
    (at 115.062 86.36 90)
    (descr "Capacitor SMD 0603 (1608 Metric), square (rectangular) end terminal, IPC_7351 nominal with elongated pad for handsoldering. (Body size source: http://www.tortai-tech.com/upload/download/2011102023233369053.pdf), generated with kicad-footprint-generator")
    (tags "capacitor handsolder")
    (path /5BFAB137/5BFAB9DE)
    (attr smd)
    (fp_text reference C3 (at 0 -1.43 90) (layer F.SilkS)
      (effects (font (size 1 1) (thickness 0.15)))
    )
    (fp_text value 20p (at 0 1.43 90) (layer F.Fab)
      (effects (font (size 1 1) (thickness 0.15)))
    )
    (fp_line (start -0.8 0.4) (end -0.8 -0.4) (layer F.Fab) (width 0.1))
    (fp_line (start -0.8 -0.4) (end 0.8 -0.4) (layer F.Fab) (width 0.1))
    (fp_line (start 0.8 -0.4) (end 0.8 0.4) (layer F.Fab) (width 0.1))
    (fp_line (start 0.8 0.4) (end -0.8 0.4) (layer F.Fab) (width 0.1))
    (fp_line (start -0.171267 -0.51) (end 0.171267 -0.51) (layer F.SilkS) (width 0.12))
    (fp_line (start -0.171267 0.51) (end 0.171267 0.51) (layer F.SilkS) (width 0.12))
    (fp_line (start -1.65 0.73) (end -1.65 -0.73) (layer F.CrtYd) (width 0.05))
    (fp_line (start -1.65 -0.73) (end 1.65 -0.73) (layer F.CrtYd) (width 0.05))
    (fp_line (start 1.65 -0.73) (end 1.65 0.73) (layer F.CrtYd) (width 0.05))
    (fp_line (start 1.65 0.73) (end -1.65 0.73) (layer F.CrtYd) (width 0.05))
    (fp_text user %R (at 0 0 90) (layer F.Fab)
      (effects (font (size 0.4 0.4) (thickness 0.06)))
    )
    (pad 1 smd roundrect (at -0.875 0 90) (size 1.05 0.95) (layers F.Cu F.Paste F.Mask) (roundrect_rratio 0.25)
      (net 1 4051GND))
    (pad 2 smd roundrect (at 0.875 0 90) (size 1.05 0.95) (layers F.Cu F.Paste F.Mask) (roundrect_rratio 0.25)
      (net 3 "Net-(C3-Pad2)"))
    (model ${KISYS3DMOD}/Capacitor_SMD.3dshapes/C_0603_1608Metric.wrl
      (at (xyz 0 0 0))
      (scale (xyz 1 1 1))
      (rotate (xyz 0 0 0))
    )
  )

  (module Capacitor_SMD:C_0603_1608Metric_Pad1.05x0.95mm_HandSolder (layer F.Cu) (tedit 5B301BBE) (tstamp 5C186185)
    (at 125.222 86.36 90)
    (descr "Capacitor SMD 0603 (1608 Metric), square (rectangular) end terminal, IPC_7351 nominal with elongated pad for handsoldering. (Body size source: http://www.tortai-tech.com/upload/download/2011102023233369053.pdf), generated with kicad-footprint-generator")
    (tags "capacitor handsolder")
    (path /5BFAB137/5BFAB9E5)
    (attr smd)
    (fp_text reference C4 (at 0 -1.43 90) (layer F.SilkS)
      (effects (font (size 1 1) (thickness 0.15)))
    )
    (fp_text value 20p (at 0 1.43 90) (layer F.Fab)
      (effects (font (size 1 1) (thickness 0.15)))
    )
    (fp_text user %R (at 0 0 90) (layer F.Fab)
      (effects (font (size 0.4 0.4) (thickness 0.06)))
    )
    (fp_line (start 1.65 0.73) (end -1.65 0.73) (layer F.CrtYd) (width 0.05))
    (fp_line (start 1.65 -0.73) (end 1.65 0.73) (layer F.CrtYd) (width 0.05))
    (fp_line (start -1.65 -0.73) (end 1.65 -0.73) (layer F.CrtYd) (width 0.05))
    (fp_line (start -1.65 0.73) (end -1.65 -0.73) (layer F.CrtYd) (width 0.05))
    (fp_line (start -0.171267 0.51) (end 0.171267 0.51) (layer F.SilkS) (width 0.12))
    (fp_line (start -0.171267 -0.51) (end 0.171267 -0.51) (layer F.SilkS) (width 0.12))
    (fp_line (start 0.8 0.4) (end -0.8 0.4) (layer F.Fab) (width 0.1))
    (fp_line (start 0.8 -0.4) (end 0.8 0.4) (layer F.Fab) (width 0.1))
    (fp_line (start -0.8 -0.4) (end 0.8 -0.4) (layer F.Fab) (width 0.1))
    (fp_line (start -0.8 0.4) (end -0.8 -0.4) (layer F.Fab) (width 0.1))
    (pad 2 smd roundrect (at 0.875 0 90) (size 1.05 0.95) (layers F.Cu F.Paste F.Mask) (roundrect_rratio 0.25)
      (net 4 "Net-(C4-Pad2)"))
    (pad 1 smd roundrect (at -0.875 0 90) (size 1.05 0.95) (layers F.Cu F.Paste F.Mask) (roundrect_rratio 0.25)
      (net 1 4051GND))
    (model ${KISYS3DMOD}/Capacitor_SMD.3dshapes/C_0603_1608Metric.wrl
      (at (xyz 0 0 0))
      (scale (xyz 1 1 1))
      (rotate (xyz 0 0 0))
    )
  )

  (module Capacitor_SMD:C_0603_1608Metric_Pad1.05x0.95mm_HandSolder (layer F.Cu) (tedit 5B301BBE) (tstamp 5C186196)
    (at -2.347134 -2.864999)
    (descr "Capacitor SMD 0603 (1608 Metric), square (rectangular) end terminal, IPC_7351 nominal with elongated pad for handsoldering. (Body size source: http://www.tortai-tech.com/upload/download/2011102023233369053.pdf), generated with kicad-footprint-generator")
    (tags "capacitor handsolder")
    (path /5BFAD561/5C261A12)
    (attr smd)
    (fp_text reference C5 (at 0 -1.43) (layer F.SilkS)
      (effects (font (size 1 1) (thickness 0.15)))
    )
    (fp_text value 100n (at 0 1.43) (layer F.Fab)
      (effects (font (size 1 1) (thickness 0.15)))
    )
    (fp_text user %R (at 0 0) (layer F.Fab)
      (effects (font (size 0.4 0.4) (thickness 0.06)))
    )
    (fp_line (start 1.65 0.73) (end -1.65 0.73) (layer F.CrtYd) (width 0.05))
    (fp_line (start 1.65 -0.73) (end 1.65 0.73) (layer F.CrtYd) (width 0.05))
    (fp_line (start -1.65 -0.73) (end 1.65 -0.73) (layer F.CrtYd) (width 0.05))
    (fp_line (start -1.65 0.73) (end -1.65 -0.73) (layer F.CrtYd) (width 0.05))
    (fp_line (start -0.171267 0.51) (end 0.171267 0.51) (layer F.SilkS) (width 0.12))
    (fp_line (start -0.171267 -0.51) (end 0.171267 -0.51) (layer F.SilkS) (width 0.12))
    (fp_line (start 0.8 0.4) (end -0.8 0.4) (layer F.Fab) (width 0.1))
    (fp_line (start 0.8 -0.4) (end 0.8 0.4) (layer F.Fab) (width 0.1))
    (fp_line (start -0.8 -0.4) (end 0.8 -0.4) (layer F.Fab) (width 0.1))
    (fp_line (start -0.8 0.4) (end -0.8 -0.4) (layer F.Fab) (width 0.1))
    (pad 2 smd roundrect (at 0.875 0) (size 1.05 0.95) (layers F.Cu F.Paste F.Mask) (roundrect_rratio 0.25)
      (net 1 4051GND))
    (pad 1 smd roundrect (at -0.875 0) (size 1.05 0.95) (layers F.Cu F.Paste F.Mask) (roundrect_rratio 0.25)
      (net 5 +3V3_A))
    (model ${KISYS3DMOD}/Capacitor_SMD.3dshapes/C_0603_1608Metric.wrl
      (at (xyz 0 0 0))
      (scale (xyz 1 1 1))
      (rotate (xyz 0 0 0))
    )
  )

  (module Capacitor_SMD:C_1206_3216Metric_Pad1.42x1.75mm_HandSolder (layer F.Cu) (tedit 5B301BBE) (tstamp 5C1861A7)
    (at 41.540001 -48.474999)
    (descr "Capacitor SMD 1206 (3216 Metric), square (rectangular) end terminal, IPC_7351 nominal with elongated pad for handsoldering. (Body size source: http://www.tortai-tech.com/upload/download/2011102023233369053.pdf), generated with kicad-footprint-generator")
    (tags "capacitor handsolder")
    (path /5BFAD561/5C621C82)
    (attr smd)
    (fp_text reference C6 (at 0 -1.82) (layer F.SilkS)
      (effects (font (size 1 1) (thickness 0.15)))
    )
    (fp_text value 22u (at 0 1.82) (layer F.Fab)
      (effects (font (size 1 1) (thickness 0.15)))
    )
    (fp_text user %R (at 0 0) (layer F.Fab)
      (effects (font (size 0.8 0.8) (thickness 0.12)))
    )
    (fp_line (start 2.45 1.12) (end -2.45 1.12) (layer F.CrtYd) (width 0.05))
    (fp_line (start 2.45 -1.12) (end 2.45 1.12) (layer F.CrtYd) (width 0.05))
    (fp_line (start -2.45 -1.12) (end 2.45 -1.12) (layer F.CrtYd) (width 0.05))
    (fp_line (start -2.45 1.12) (end -2.45 -1.12) (layer F.CrtYd) (width 0.05))
    (fp_line (start -0.602064 0.91) (end 0.602064 0.91) (layer F.SilkS) (width 0.12))
    (fp_line (start -0.602064 -0.91) (end 0.602064 -0.91) (layer F.SilkS) (width 0.12))
    (fp_line (start 1.6 0.8) (end -1.6 0.8) (layer F.Fab) (width 0.1))
    (fp_line (start 1.6 -0.8) (end 1.6 0.8) (layer F.Fab) (width 0.1))
    (fp_line (start -1.6 -0.8) (end 1.6 -0.8) (layer F.Fab) (width 0.1))
    (fp_line (start -1.6 0.8) (end -1.6 -0.8) (layer F.Fab) (width 0.1))
    (pad 2 smd roundrect (at 1.4875 0) (size 1.425 1.75) (layers F.Cu F.Paste F.Mask) (roundrect_rratio 0.175439)
      (net 1 4051GND))
    (pad 1 smd roundrect (at -1.4875 0) (size 1.425 1.75) (layers F.Cu F.Paste F.Mask) (roundrect_rratio 0.175439)
      (net 6 "Net-(C6-Pad1)"))
    (model ${KISYS3DMOD}/Capacitor_SMD.3dshapes/C_1206_3216Metric.wrl
      (at (xyz 0 0 0))
      (scale (xyz 1 1 1))
      (rotate (xyz 0 0 0))
    )
  )

  (module Capacitor_SMD:C_0603_1608Metric_Pad1.05x0.95mm_HandSolder (layer F.Cu) (tedit 5B301BBE) (tstamp 5C1861B8)
    (at 16.150411 -36.004999)
    (descr "Capacitor SMD 0603 (1608 Metric), square (rectangular) end terminal, IPC_7351 nominal with elongated pad for handsoldering. (Body size source: http://www.tortai-tech.com/upload/download/2011102023233369053.pdf), generated with kicad-footprint-generator")
    (tags "capacitor handsolder")
    (path /5BFAD561/5C261948)
    (attr smd)
    (fp_text reference C7 (at 0 -1.43) (layer F.SilkS)
      (effects (font (size 1 1) (thickness 0.15)))
    )
    (fp_text value 100n (at 0 1.43) (layer F.Fab)
      (effects (font (size 1 1) (thickness 0.15)))
    )
    (fp_text user %R (at 0 0) (layer F.Fab)
      (effects (font (size 0.4 0.4) (thickness 0.06)))
    )
    (fp_line (start 1.65 0.73) (end -1.65 0.73) (layer F.CrtYd) (width 0.05))
    (fp_line (start 1.65 -0.73) (end 1.65 0.73) (layer F.CrtYd) (width 0.05))
    (fp_line (start -1.65 -0.73) (end 1.65 -0.73) (layer F.CrtYd) (width 0.05))
    (fp_line (start -1.65 0.73) (end -1.65 -0.73) (layer F.CrtYd) (width 0.05))
    (fp_line (start -0.171267 0.51) (end 0.171267 0.51) (layer F.SilkS) (width 0.12))
    (fp_line (start -0.171267 -0.51) (end 0.171267 -0.51) (layer F.SilkS) (width 0.12))
    (fp_line (start 0.8 0.4) (end -0.8 0.4) (layer F.Fab) (width 0.1))
    (fp_line (start 0.8 -0.4) (end 0.8 0.4) (layer F.Fab) (width 0.1))
    (fp_line (start -0.8 -0.4) (end 0.8 -0.4) (layer F.Fab) (width 0.1))
    (fp_line (start -0.8 0.4) (end -0.8 -0.4) (layer F.Fab) (width 0.1))
    (pad 2 smd roundrect (at 0.875 0) (size 1.05 0.95) (layers F.Cu F.Paste F.Mask) (roundrect_rratio 0.25)
      (net 1 4051GND))
    (pad 1 smd roundrect (at -0.875 0) (size 1.05 0.95) (layers F.Cu F.Paste F.Mask) (roundrect_rratio 0.25)
      (net 5 +3V3_A))
    (model ${KISYS3DMOD}/Capacitor_SMD.3dshapes/C_0603_1608Metric.wrl
      (at (xyz 0 0 0))
      (scale (xyz 1 1 1))
      (rotate (xyz 0 0 0))
    )
  )

  (module Capacitor_SMD:C_0603_1608Metric_Pad1.05x0.95mm_HandSolder (layer F.Cu) (tedit 5B301BBE) (tstamp 5C1861C9)
    (at 40.740001 -46.574999)
    (descr "Capacitor SMD 0603 (1608 Metric), square (rectangular) end terminal, IPC_7351 nominal with elongated pad for handsoldering. (Body size source: http://www.tortai-tech.com/upload/download/2011102023233369053.pdf), generated with kicad-footprint-generator")
    (tags "capacitor handsolder")
    (path /5BFAD561/5C621BCF)
    (attr smd)
    (fp_text reference C8 (at 0 -1.43) (layer F.SilkS)
      (effects (font (size 1 1) (thickness 0.15)))
    )
    (fp_text value 100n (at 0 1.43) (layer F.Fab)
      (effects (font (size 1 1) (thickness 0.15)))
    )
    (fp_line (start -0.8 0.4) (end -0.8 -0.4) (layer F.Fab) (width 0.1))
    (fp_line (start -0.8 -0.4) (end 0.8 -0.4) (layer F.Fab) (width 0.1))
    (fp_line (start 0.8 -0.4) (end 0.8 0.4) (layer F.Fab) (width 0.1))
    (fp_line (start 0.8 0.4) (end -0.8 0.4) (layer F.Fab) (width 0.1))
    (fp_line (start -0.171267 -0.51) (end 0.171267 -0.51) (layer F.SilkS) (width 0.12))
    (fp_line (start -0.171267 0.51) (end 0.171267 0.51) (layer F.SilkS) (width 0.12))
    (fp_line (start -1.65 0.73) (end -1.65 -0.73) (layer F.CrtYd) (width 0.05))
    (fp_line (start -1.65 -0.73) (end 1.65 -0.73) (layer F.CrtYd) (width 0.05))
    (fp_line (start 1.65 -0.73) (end 1.65 0.73) (layer F.CrtYd) (width 0.05))
    (fp_line (start 1.65 0.73) (end -1.65 0.73) (layer F.CrtYd) (width 0.05))
    (fp_text user %R (at 0 0) (layer F.Fab)
      (effects (font (size 0.4 0.4) (thickness 0.06)))
    )
    (pad 1 smd roundrect (at -0.875 0) (size 1.05 0.95) (layers F.Cu F.Paste F.Mask) (roundrect_rratio 0.25)
      (net 6 "Net-(C6-Pad1)"))
    (pad 2 smd roundrect (at 0.875 0) (size 1.05 0.95) (layers F.Cu F.Paste F.Mask) (roundrect_rratio 0.25)
      (net 1 4051GND))
    (model ${KISYS3DMOD}/Capacitor_SMD.3dshapes/C_0603_1608Metric.wrl
      (at (xyz 0 0 0))
      (scale (xyz 1 1 1))
      (rotate (xyz 0 0 0))
    )
  )

  (module Capacitor_SMD:C_1206_3216Metric_Pad1.42x1.75mm_HandSolder (layer F.Cu) (tedit 5B301BBE) (tstamp 5C1861DA)
    (at 61.468 8.636 90)
    (descr "Capacitor SMD 1206 (3216 Metric), square (rectangular) end terminal, IPC_7351 nominal with elongated pad for handsoldering. (Body size source: http://www.tortai-tech.com/upload/download/2011102023233369053.pdf), generated with kicad-footprint-generator")
    (tags "capacitor handsolder")
    (path /5BFAB137/5BFAB947)
    (attr smd)
    (fp_text reference C9 (at 0 -1.82 90) (layer F.SilkS)
      (effects (font (size 1 1) (thickness 0.15)))
    )
    (fp_text value 22u (at 0 1.82 90) (layer F.Fab)
      (effects (font (size 1 1) (thickness 0.15)))
    )
    (fp_line (start -1.6 0.8) (end -1.6 -0.8) (layer F.Fab) (width 0.1))
    (fp_line (start -1.6 -0.8) (end 1.6 -0.8) (layer F.Fab) (width 0.1))
    (fp_line (start 1.6 -0.8) (end 1.6 0.8) (layer F.Fab) (width 0.1))
    (fp_line (start 1.6 0.8) (end -1.6 0.8) (layer F.Fab) (width 0.1))
    (fp_line (start -0.602064 -0.91) (end 0.602064 -0.91) (layer F.SilkS) (width 0.12))
    (fp_line (start -0.602064 0.91) (end 0.602064 0.91) (layer F.SilkS) (width 0.12))
    (fp_line (start -2.45 1.12) (end -2.45 -1.12) (layer F.CrtYd) (width 0.05))
    (fp_line (start -2.45 -1.12) (end 2.45 -1.12) (layer F.CrtYd) (width 0.05))
    (fp_line (start 2.45 -1.12) (end 2.45 1.12) (layer F.CrtYd) (width 0.05))
    (fp_line (start 2.45 1.12) (end -2.45 1.12) (layer F.CrtYd) (width 0.05))
    (fp_text user %R (at 0 0 90) (layer F.Fab)
      (effects (font (size 0.8 0.8) (thickness 0.12)))
    )
    (pad 1 smd roundrect (at -1.4875 0 90) (size 1.425 1.75) (layers F.Cu F.Paste F.Mask) (roundrect_rratio 0.175439)
      (net 7 +3V3))
    (pad 2 smd roundrect (at 1.4875 0 90) (size 1.425 1.75) (layers F.Cu F.Paste F.Mask) (roundrect_rratio 0.175439)
      (net 1 4051GND))
    (model ${KISYS3DMOD}/Capacitor_SMD.3dshapes/C_1206_3216Metric.wrl
      (at (xyz 0 0 0))
      (scale (xyz 1 1 1))
      (rotate (xyz 0 0 0))
    )
  )

  (module Capacitor_SMD:C_1206_3216Metric_Pad1.42x1.75mm_HandSolder (layer F.Cu) (tedit 5B301BBE) (tstamp 5C1861EB)
    (at 143.002 100.584 90)
    (descr "Capacitor SMD 1206 (3216 Metric), square (rectangular) end terminal, IPC_7351 nominal with elongated pad for handsoldering. (Body size source: http://www.tortai-tech.com/upload/download/2011102023233369053.pdf), generated with kicad-footprint-generator")
    (tags "capacitor handsolder")
    (path /5BFAD56D/5BFB170D)
    (attr smd)
    (fp_text reference C10 (at 0 -1.82 90) (layer F.SilkS)
      (effects (font (size 1 1) (thickness 0.15)))
    )
    (fp_text value 22u (at 0 1.82 90) (layer F.Fab)
      (effects (font (size 1 1) (thickness 0.15)))
    )
    (fp_line (start -1.6 0.8) (end -1.6 -0.8) (layer F.Fab) (width 0.1))
    (fp_line (start -1.6 -0.8) (end 1.6 -0.8) (layer F.Fab) (width 0.1))
    (fp_line (start 1.6 -0.8) (end 1.6 0.8) (layer F.Fab) (width 0.1))
    (fp_line (start 1.6 0.8) (end -1.6 0.8) (layer F.Fab) (width 0.1))
    (fp_line (start -0.602064 -0.91) (end 0.602064 -0.91) (layer F.SilkS) (width 0.12))
    (fp_line (start -0.602064 0.91) (end 0.602064 0.91) (layer F.SilkS) (width 0.12))
    (fp_line (start -2.45 1.12) (end -2.45 -1.12) (layer F.CrtYd) (width 0.05))
    (fp_line (start -2.45 -1.12) (end 2.45 -1.12) (layer F.CrtYd) (width 0.05))
    (fp_line (start 2.45 -1.12) (end 2.45 1.12) (layer F.CrtYd) (width 0.05))
    (fp_line (start 2.45 1.12) (end -2.45 1.12) (layer F.CrtYd) (width 0.05))
    (fp_text user %R (at 0 0 90) (layer F.Fab)
      (effects (font (size 0.8 0.8) (thickness 0.12)))
    )
    (pad 1 smd roundrect (at -1.4875 0 90) (size 1.425 1.75) (layers F.Cu F.Paste F.Mask) (roundrect_rratio 0.175439)
      (net 7 +3V3))
    (pad 2 smd roundrect (at 1.4875 0 90) (size 1.425 1.75) (layers F.Cu F.Paste F.Mask) (roundrect_rratio 0.175439)
      (net 1 4051GND))
    (model ${KISYS3DMOD}/Capacitor_SMD.3dshapes/C_1206_3216Metric.wrl
      (at (xyz 0 0 0))
      (scale (xyz 1 1 1))
      (rotate (xyz 0 0 0))
    )
  )

  (module Capacitor_SMD:C_0603_1608Metric_Pad1.05x0.95mm_HandSolder (layer F.Cu) (tedit 5B301BBE) (tstamp 5C1861FC)
    (at 67.564 8.89 90)
    (descr "Capacitor SMD 0603 (1608 Metric), square (rectangular) end terminal, IPC_7351 nominal with elongated pad for handsoldering. (Body size source: http://www.tortai-tech.com/upload/download/2011102023233369053.pdf), generated with kicad-footprint-generator")
    (tags "capacitor handsolder")
    (path /5BFAB137/5BFAB939)
    (attr smd)
    (fp_text reference C11 (at 0 -1.43 90) (layer F.SilkS)
      (effects (font (size 1 1) (thickness 0.15)))
    )
    (fp_text value 100n (at 0 1.43 90) (layer F.Fab)
      (effects (font (size 1 1) (thickness 0.15)))
    )
    (fp_line (start -0.8 0.4) (end -0.8 -0.4) (layer F.Fab) (width 0.1))
    (fp_line (start -0.8 -0.4) (end 0.8 -0.4) (layer F.Fab) (width 0.1))
    (fp_line (start 0.8 -0.4) (end 0.8 0.4) (layer F.Fab) (width 0.1))
    (fp_line (start 0.8 0.4) (end -0.8 0.4) (layer F.Fab) (width 0.1))
    (fp_line (start -0.171267 -0.51) (end 0.171267 -0.51) (layer F.SilkS) (width 0.12))
    (fp_line (start -0.171267 0.51) (end 0.171267 0.51) (layer F.SilkS) (width 0.12))
    (fp_line (start -1.65 0.73) (end -1.65 -0.73) (layer F.CrtYd) (width 0.05))
    (fp_line (start -1.65 -0.73) (end 1.65 -0.73) (layer F.CrtYd) (width 0.05))
    (fp_line (start 1.65 -0.73) (end 1.65 0.73) (layer F.CrtYd) (width 0.05))
    (fp_line (start 1.65 0.73) (end -1.65 0.73) (layer F.CrtYd) (width 0.05))
    (fp_text user %R (at 0 0 90) (layer F.Fab)
      (effects (font (size 0.4 0.4) (thickness 0.06)))
    )
    (pad 1 smd roundrect (at -0.875 0 90) (size 1.05 0.95) (layers F.Cu F.Paste F.Mask) (roundrect_rratio 0.25)
      (net 7 +3V3))
    (pad 2 smd roundrect (at 0.875 0 90) (size 1.05 0.95) (layers F.Cu F.Paste F.Mask) (roundrect_rratio 0.25)
      (net 1 4051GND))
    (model ${KISYS3DMOD}/Capacitor_SMD.3dshapes/C_0603_1608Metric.wrl
      (at (xyz 0 0 0))
      (scale (xyz 1 1 1))
      (rotate (xyz 0 0 0))
    )
  )

  (module Capacitor_SMD:C_0603_1608Metric_Pad1.05x0.95mm_HandSolder (layer F.Cu) (tedit 5B301BBE) (tstamp 5C18620D)
    (at 106.68 92.202 180)
    (descr "Capacitor SMD 0603 (1608 Metric), square (rectangular) end terminal, IPC_7351 nominal with elongated pad for handsoldering. (Body size source: http://www.tortai-tech.com/upload/download/2011102023233369053.pdf), generated with kicad-footprint-generator")
    (tags "capacitor handsolder")
    (path /5BFAB137/5BFAB932)
    (attr smd)
    (fp_text reference C12 (at 0 -1.43 180) (layer F.SilkS)
      (effects (font (size 1 1) (thickness 0.15)))
    )
    (fp_text value 1u (at 0 1.43 180) (layer F.Fab)
      (effects (font (size 1 1) (thickness 0.15)))
    )
    (fp_line (start -0.8 0.4) (end -0.8 -0.4) (layer F.Fab) (width 0.1))
    (fp_line (start -0.8 -0.4) (end 0.8 -0.4) (layer F.Fab) (width 0.1))
    (fp_line (start 0.8 -0.4) (end 0.8 0.4) (layer F.Fab) (width 0.1))
    (fp_line (start 0.8 0.4) (end -0.8 0.4) (layer F.Fab) (width 0.1))
    (fp_line (start -0.171267 -0.51) (end 0.171267 -0.51) (layer F.SilkS) (width 0.12))
    (fp_line (start -0.171267 0.51) (end 0.171267 0.51) (layer F.SilkS) (width 0.12))
    (fp_line (start -1.65 0.73) (end -1.65 -0.73) (layer F.CrtYd) (width 0.05))
    (fp_line (start -1.65 -0.73) (end 1.65 -0.73) (layer F.CrtYd) (width 0.05))
    (fp_line (start 1.65 -0.73) (end 1.65 0.73) (layer F.CrtYd) (width 0.05))
    (fp_line (start 1.65 0.73) (end -1.65 0.73) (layer F.CrtYd) (width 0.05))
    (fp_text user %R (at 0 0 180) (layer F.Fab)
      (effects (font (size 0.4 0.4) (thickness 0.06)))
    )
    (pad 1 smd roundrect (at -0.875 0 180) (size 1.05 0.95) (layers F.Cu F.Paste F.Mask) (roundrect_rratio 0.25)
      (net 5 +3V3_A))
    (pad 2 smd roundrect (at 0.875 0 180) (size 1.05 0.95) (layers F.Cu F.Paste F.Mask) (roundrect_rratio 0.25)
      (net 1 4051GND))
    (model ${KISYS3DMOD}/Capacitor_SMD.3dshapes/C_0603_1608Metric.wrl
      (at (xyz 0 0 0))
      (scale (xyz 1 1 1))
      (rotate (xyz 0 0 0))
    )
  )

  (module Capacitor_SMD:C_0603_1608Metric_Pad1.05x0.95mm_HandSolder (layer F.Cu) (tedit 5B301BBE) (tstamp 5C18621E)
    (at 106.68 89.408 180)
    (descr "Capacitor SMD 0603 (1608 Metric), square (rectangular) end terminal, IPC_7351 nominal with elongated pad for handsoldering. (Body size source: http://www.tortai-tech.com/upload/download/2011102023233369053.pdf), generated with kicad-footprint-generator")
    (tags "capacitor handsolder")
    (path /5BFAB137/5BFAB92B)
    (attr smd)
    (fp_text reference C13 (at 0 -1.43 180) (layer F.SilkS)
      (effects (font (size 1 1) (thickness 0.15)))
    )
    (fp_text value 100n (at 0 1.43 180) (layer F.Fab)
      (effects (font (size 1 1) (thickness 0.15)))
    )
    (fp_line (start -0.8 0.4) (end -0.8 -0.4) (layer F.Fab) (width 0.1))
    (fp_line (start -0.8 -0.4) (end 0.8 -0.4) (layer F.Fab) (width 0.1))
    (fp_line (start 0.8 -0.4) (end 0.8 0.4) (layer F.Fab) (width 0.1))
    (fp_line (start 0.8 0.4) (end -0.8 0.4) (layer F.Fab) (width 0.1))
    (fp_line (start -0.171267 -0.51) (end 0.171267 -0.51) (layer F.SilkS) (width 0.12))
    (fp_line (start -0.171267 0.51) (end 0.171267 0.51) (layer F.SilkS) (width 0.12))
    (fp_line (start -1.65 0.73) (end -1.65 -0.73) (layer F.CrtYd) (width 0.05))
    (fp_line (start -1.65 -0.73) (end 1.65 -0.73) (layer F.CrtYd) (width 0.05))
    (fp_line (start 1.65 -0.73) (end 1.65 0.73) (layer F.CrtYd) (width 0.05))
    (fp_line (start 1.65 0.73) (end -1.65 0.73) (layer F.CrtYd) (width 0.05))
    (fp_text user %R (at 0 0 180) (layer F.Fab)
      (effects (font (size 0.4 0.4) (thickness 0.06)))
    )
    (pad 1 smd roundrect (at -0.875 0 180) (size 1.05 0.95) (layers F.Cu F.Paste F.Mask) (roundrect_rratio 0.25)
      (net 5 +3V3_A))
    (pad 2 smd roundrect (at 0.875 0 180) (size 1.05 0.95) (layers F.Cu F.Paste F.Mask) (roundrect_rratio 0.25)
      (net 1 4051GND))
    (model ${KISYS3DMOD}/Capacitor_SMD.3dshapes/C_0603_1608Metric.wrl
      (at (xyz 0 0 0))
      (scale (xyz 1 1 1))
      (rotate (xyz 0 0 0))
    )
  )

  (module Capacitor_SMD:C_0603_1608Metric_Pad1.05x0.95mm_HandSolder (layer F.Cu) (tedit 5B301BBE) (tstamp 5C18622F)
    (at 64.77 8.89 90)
    (descr "Capacitor SMD 0603 (1608 Metric), square (rectangular) end terminal, IPC_7351 nominal with elongated pad for handsoldering. (Body size source: http://www.tortai-tech.com/upload/download/2011102023233369053.pdf), generated with kicad-footprint-generator")
    (tags "capacitor handsolder")
    (path /5BFAB137/5BFAB940)
    (attr smd)
    (fp_text reference C14 (at 0 -1.43 90) (layer F.SilkS)
      (effects (font (size 1 1) (thickness 0.15)))
    )
    (fp_text value 100n (at 0 1.43 90) (layer F.Fab)
      (effects (font (size 1 1) (thickness 0.15)))
    )
    (fp_text user %R (at 0 0 90) (layer F.Fab)
      (effects (font (size 0.4 0.4) (thickness 0.06)))
    )
    (fp_line (start 1.65 0.73) (end -1.65 0.73) (layer F.CrtYd) (width 0.05))
    (fp_line (start 1.65 -0.73) (end 1.65 0.73) (layer F.CrtYd) (width 0.05))
    (fp_line (start -1.65 -0.73) (end 1.65 -0.73) (layer F.CrtYd) (width 0.05))
    (fp_line (start -1.65 0.73) (end -1.65 -0.73) (layer F.CrtYd) (width 0.05))
    (fp_line (start -0.171267 0.51) (end 0.171267 0.51) (layer F.SilkS) (width 0.12))
    (fp_line (start -0.171267 -0.51) (end 0.171267 -0.51) (layer F.SilkS) (width 0.12))
    (fp_line (start 0.8 0.4) (end -0.8 0.4) (layer F.Fab) (width 0.1))
    (fp_line (start 0.8 -0.4) (end 0.8 0.4) (layer F.Fab) (width 0.1))
    (fp_line (start -0.8 -0.4) (end 0.8 -0.4) (layer F.Fab) (width 0.1))
    (fp_line (start -0.8 0.4) (end -0.8 -0.4) (layer F.Fab) (width 0.1))
    (pad 2 smd roundrect (at 0.875 0 90) (size 1.05 0.95) (layers F.Cu F.Paste F.Mask) (roundrect_rratio 0.25)
      (net 1 4051GND))
    (pad 1 smd roundrect (at -0.875 0 90) (size 1.05 0.95) (layers F.Cu F.Paste F.Mask) (roundrect_rratio 0.25)
      (net 7 +3V3))
    (model ${KISYS3DMOD}/Capacitor_SMD.3dshapes/C_0603_1608Metric.wrl
      (at (xyz 0 0 0))
      (scale (xyz 1 1 1))
      (rotate (xyz 0 0 0))
    )
  )

  (module Capacitor_SMD:C_0603_1608Metric_Pad1.05x0.95mm_HandSolder (layer F.Cu) (tedit 5B301BBE) (tstamp 5C186240)
    (at 139.446 100.838 90)
